0.000000000000000000e+00 0.000000000000000000e+00 1.068199999999999983e-01 7.360000000000000006e-04 6.440000000000000412e-04 -9.200000000000000007e-05
0.000000000000000000e+00 0.000000000000000000e+00 7.630000000000000671e-02 4.600000000000000139e-04 -3.680000000000000003e-04 0.000000000000000000e+00
0.000000000000000000e+00 -1.525999999999999926e-02 4.578000000000000125e-02 -3.680000000000000003e-04 -2.759999999999999867e-04 0.000000000000000000e+00
-1.525999999999999926e-02 0.000000000000000000e+00 6.103999999999999704e-02 -5.519999999999999733e-04 0.000000000000000000e+00 -9.200000000000000007e-05
-1.525999999999999926e-02 0.000000000000000000e+00 6.103999999999999704e-02 0.000000000000000000e+00 3.680000000000000003e-04 0.000000000000000000e+00
-1.525999999999999926e-02 0.000000000000000000e+00 6.103999999999999704e-02 -1.840000000000000001e-04 1.840000000000000001e-04 9.200000000000000007e-05
-1.525999999999999926e-02 -3.051999999999999852e-02 7.630000000000000671e-02 -9.200000000000000007e-05 9.200000000000000007e-05 2.759999999999999867e-04
0.000000000000000000e+00 0.000000000000000000e+00 4.578000000000000125e-02 -1.840000000000000001e-04 0.000000000000000000e+00 -9.200000000000000007e-05
-3.051999999999999852e-02 0.000000000000000000e+00 9.156000000000000250e-02 -2.759999999999999867e-04 5.519999999999999733e-04 -2.759999999999999867e-04
-1.525999999999999926e-02 0.000000000000000000e+00 6.103999999999999704e-02 -9.200000000000000007e-05 2.759999999999999867e-04 0.000000000000000000e+00
-1.525999999999999926e-02 0.000000000000000000e+00 3.051999999999999852e-02 0.000000000000000000e+00 3.680000000000000003e-04 9.200000000000000007e-05
0.000000000000000000e+00 -1.525999999999999926e-02 3.051999999999999852e-02 -9.200000000000000278e-04 -2.759999999999999867e-04 0.000000000000000000e+00
0.000000000000000000e+00 -1.525999999999999926e-02 4.578000000000000125e-02 2.759999999999999867e-04 -9.200000000000000007e-05 0.000000000000000000e+00
0.000000000000000000e+00 -1.525999999999999926e-02 7.630000000000000671e-02 0.000000000000000000e+00 0.000000000000000000e+00 -1.840000000000000001e-04
0.000000000000000000e+00 0.000000000000000000e+00 9.156000000000000250e-02 2.759999999999999867e-04 -2.759999999999999867e-04 1.840000000000000001e-04
-3.051999999999999852e-02 -3.051999999999999852e-02 1.525999999999999926e-02 -1.840000000000000001e-04 5.519999999999999733e-04 0.000000000000000000e+00
-1.525999999999999926e-02 -1.525999999999999926e-02 6.103999999999999704e-02 -9.200000000000000007e-05 0.000000000000000000e+00 0.000000000000000000e+00
-1.525999999999999926e-02 -1.525999999999999926e-02 6.103999999999999704e-02 -2.759999999999999867e-04 7.360000000000000006e-04 0.000000000000000000e+00
-3.051999999999999852e-02 -3.051999999999999852e-02 4.578000000000000125e-02 9.200000000000000007e-05 4.600000000000000139e-04 0.000000000000000000e+00
-1.525999999999999926e-02 0.000000000000000000e+00 6.103999999999999704e-02 5.519999999999999733e-04 9.200000000000000278e-04 9.200000000000000007e-05
-3.051999999999999852e-02 0.000000000000000000e+00 1.068199999999999983e-01 1.840000000000000001e-04 0.000000000000000000e+00 0.000000000000000000e+00
-1.525999999999999926e-02 1.525999999999999926e-02 6.103999999999999704e-02 -3.680000000000000003e-04 5.519999999999999733e-04 0.000000000000000000e+00
-3.051999999999999852e-02 -1.525999999999999926e-02 3.051999999999999852e-02 0.000000000000000000e+00 5.519999999999999733e-04 -9.200000000000000007e-05
-3.051999999999999852e-02 0.000000000000000000e+00 7.630000000000000671e-02 4.600000000000000139e-04 6.440000000000000412e-04 0.000000000000000000e+00
-1.525999999999999926e-02 0.000000000000000000e+00 -4.578000000000000125e-02 -6.440000000000000412e-04 3.680000000000000003e-04 9.200000000000000007e-05
-1.525999999999999926e-02 -1.525999999999999926e-02 6.103999999999999704e-02 9.200000000000000007e-05 3.680000000000000003e-04 0.000000000000000000e+00
-1.525999999999999926e-02 -3.051999999999999852e-02 9.156000000000000250e-02 -9.200000000000000007e-05 3.680000000000000003e-04 -2.759999999999999867e-04
0.000000000000000000e+00 -1.525999999999999926e-02 3.051999999999999852e-02 9.200000000000000007e-05 0.000000000000000000e+00 -1.840000000000000001e-04
0.000000000000000000e+00 0.000000000000000000e+00 4.578000000000000125e-02 2.759999999999999867e-04 -7.360000000000000006e-04 -9.200000000000000007e-05
0.000000000000000000e+00 -3.051999999999999852e-02 7.630000000000000671e-02 -3.680000000000000003e-04 2.759999999999999867e-04 -1.840000000000000001e-04
-3.051999999999999852e-02 0.000000000000000000e+00 7.630000000000000671e-02 0.000000000000000000e+00 1.840000000000000001e-04 -9.200000000000000007e-05
-1.525999999999999926e-02 0.000000000000000000e+00 9.156000000000000250e-02 0.000000000000000000e+00 0.000000000000000000e+00 -9.200000000000000007e-05
-1.525999999999999926e-02 1.525999999999999926e-02 6.103999999999999704e-02 1.840000000000000001e-04 5.519999999999999733e-04 9.200000000000000007e-05
-1.525999999999999926e-02 -1.525999999999999926e-02 6.103999999999999704e-02 0.000000000000000000e+00 9.200000000000000007e-05 -9.200000000000000007e-05
-1.525999999999999926e-02 0.000000000000000000e+00 9.156000000000000250e-02 9.200000000000000278e-04 6.440000000000000412e-04 -9.200000000000000007e-05
-1.525999999999999926e-02 -1.525999999999999926e-02 4.578000000000000125e-02 2.759999999999999867e-04 3.680000000000000003e-04 -9.200000000000000007e-05
-3.051999999999999852e-02 -3.051999999999999852e-02 4.578000000000000125e-02 -9.200000000000000007e-05 4.600000000000000139e-04 9.200000000000000007e-05
-1.525999999999999926e-02 0.000000000000000000e+00 6.103999999999999704e-02 2.759999999999999867e-04 4.600000000000000139e-04 0.000000000000000000e+00
-3.051999999999999852e-02 -3.051999999999999852e-02 4.578000000000000125e-02 -1.840000000000000001e-04 1.840000000000000001e-04 0.000000000000000000e+00
-1.525999999999999926e-02 0.000000000000000000e+00 3.051999999999999852e-02 1.840000000000000001e-04 2.759999999999999867e-04 -9.200000000000000007e-05
-1.525999999999999926e-02 0.000000000000000000e+00 9.156000000000000250e-02 4.600000000000000139e-04 2.759999999999999867e-04 -9.200000000000000007e-05
0.000000000000000000e+00 0.000000000000000000e+00 3.051999999999999852e-02 6.440000000000000412e-04 9.200000000000000007e-05 0.000000000000000000e+00
-1.525999999999999926e-02 1.525999999999999926e-02 6.103999999999999704e-02 3.680000000000000003e-04 5.519999999999999733e-04 -1.840000000000000001e-04
-3.051999999999999852e-02 0.000000000000000000e+00 3.051999999999999852e-02 -9.200000000000000007e-05 6.440000000000000412e-04 -9.200000000000000007e-05
0.000000000000000000e+00 0.000000000000000000e+00 9.156000000000000250e-02 2.759999999999999867e-04 0.000000000000000000e+00 -2.759999999999999867e-04
-1.525999999999999926e-02 0.000000000000000000e+00 4.578000000000000125e-02 5.519999999999999733e-04 3.680000000000000003e-04 -9.200000000000000007e-05
0.000000000000000000e+00 0.000000000000000000e+00 7.630000000000000671e-02 4.600000000000000139e-04 1.840000000000000001e-04 -9.200000000000000007e-05
-3.051999999999999852e-02 0.000000000000000000e+00 7.630000000000000671e-02 -6.440000000000000412e-04 5.519999999999999733e-04 -9.200000000000000007e-05
-1.525999999999999926e-02 -1.525999999999999926e-02 7.630000000000000671e-02 9.200000000000000007e-05 0.000000000000000000e+00 -9.200000000000000007e-05
0.000000000000000000e+00 -1.525999999999999926e-02 6.103999999999999704e-02 -3.680000000000000003e-04 -9.200000000000000007e-05 -9.200000000000000007e-05
-1.525999999999999926e-02 0.000000000000000000e+00 9.156000000000000250e-02 -2.759999999999999867e-04 5.519999999999999733e-04 0.000000000000000000e+00
-3.051999999999999852e-02 0.000000000000000000e+00 3.051999999999999852e-02 9.200000000000000007e-05 4.600000000000000139e-04 0.000000000000000000e+00
-1.525999999999999926e-02 -1.525999999999999926e-02 7.630000000000000671e-02 0.000000000000000000e+00 0.000000000000000000e+00 -9.200000000000000007e-05
0.000000000000000000e+00 1.525999999999999926e-02 0.000000000000000000e+00 -4.600000000000000139e-04 0.000000000000000000e+00 -1.840000000000000001e-04
-3.051999999999999852e-02 0.000000000000000000e+00 6.103999999999999704e-02 -3.680000000000000003e-04 9.200000000000000007e-05 0.000000000000000000e+00
-1.525999999999999926e-02 0.000000000000000000e+00 1.220799999999999941e-01 1.012000000000000096e-03 8.279999999999999600e-04 0.000000000000000000e+00
-1.525999999999999926e-02 1.525999999999999926e-02 3.051999999999999852e-02 2.759999999999999867e-04 2.759999999999999867e-04 -1.840000000000000001e-04
-3.051999999999999852e-02 0.000000000000000000e+00 4.578000000000000125e-02 -1.840000000000000001e-04 4.600000000000000139e-04 9.200000000000000007e-05
-3.051999999999999852e-02 0.000000000000000000e+00 9.156000000000000250e-02 -9.200000000000000007e-05 5.519999999999999733e-04 -9.200000000000000007e-05
-1.525999999999999926e-02 0.000000000000000000e+00 0.000000000000000000e+00 -7.360000000000000006e-04 1.840000000000000001e-04 0.000000000000000000e+00
-3.051999999999999852e-02 1.525999999999999926e-02 9.156000000000000250e-02 4.600000000000000139e-04 8.279999999999999600e-04 -9.200000000000000007e-05
-1.525999999999999926e-02 -1.525999999999999926e-02 -1.525999999999999926e-02 -2.759999999999999867e-04 5.519999999999999733e-04 0.000000000000000000e+00
0.000000000000000000e+00 0.000000000000000000e+00 1.068199999999999983e-01 5.519999999999999733e-04 -4.600000000000000139e-04 0.000000000000000000e+00
-1.525999999999999926e-02 -1.525999999999999926e-02 3.051999999999999852e-02 -1.840000000000000001e-04 2.759999999999999867e-04 0.000000000000000000e+00
0.000000000000000000e+00 0.000000000000000000e+00 7.630000000000000671e-02 5.519999999999999733e-04 4.600000000000000139e-04 0.000000000000000000e+00
-1.525999999999999926e-02 0.000000000000000000e+00 3.051999999999999852e-02 3.680000000000000003e-04 3.680000000000000003e-04 0.000000000000000000e+00
-3.051999999999999852e-02 0.000000000000000000e+00 6.103999999999999704e-02 0.000000000000000000e+00 0.000000000000000000e+00 -1.840000000000000001e-04
0.000000000000000000e+00 0.000000000000000000e+00 1.525999999999999926e-02 0.000000000000000000e+00 -9.200000000000000007e-05 0.000000000000000000e+00
-3.051999999999999852e-02 0.000000000000000000e+00 6.103999999999999704e-02 1.840000000000000001e-04 7.360000000000000006e-04 -2.759999999999999867e-04
-4.578000000000000125e-02 0.000000000000000000e+00 7.630000000000000671e-02 0.000000000000000000e+00 7.360000000000000006e-04 0.000000000000000000e+00
-3.051999999999999852e-02 1.525999999999999926e-02 7.630000000000000671e-02 9.200000000000000007e-05 4.600000000000000139e-04 -1.840000000000000001e-04
-1.525999999999999926e-02 0.000000000000000000e+00 4.578000000000000125e-02 2.759999999999999867e-04 6.440000000000000412e-04 -1.840000000000000001e-04
-1.525999999999999926e-02 -1.525999999999999926e-02 3.051999999999999852e-02 -2.759999999999999867e-04 0.000000000000000000e+00 -3.680000000000000003e-04
-6.103999999999999704e-02 -1.525999999999999926e-02 0.000000000000000000e+00 9.200000000000000007e-05 -6.440000000000000412e-04 0.000000000000000000e+00
0.000000000000000000e+00 0.000000000000000000e+00 6.103999999999999704e-02 -3.680000000000000003e-04 7.360000000000000006e-04 0.000000000000000000e+00
0.000000000000000000e+00 0.000000000000000000e+00 9.156000000000000250e-02 1.840000000000000001e-04 1.379999999999999933e-03 0.000000000000000000e+00
-1.525999999999999926e-02 -1.525999999999999926e-02 4.578000000000000125e-02 9.200000000000000007e-05 7.360000000000000006e-04 -9.200000000000000007e-05
0.000000000000000000e+00 -1.525999999999999926e-02 6.103999999999999704e-02 5.519999999999999733e-04 9.200000000000000007e-05 0.000000000000000000e+00
-3.051999999999999852e-02 0.000000000000000000e+00 3.051999999999999852e-02 -3.680000000000000003e-04 0.000000000000000000e+00 0.000000000000000000e+00
-1.525999999999999926e-02 0.000000000000000000e+00 4.578000000000000125e-02 1.840000000000000001e-04 1.840000000000000001e-04 9.200000000000000007e-05
-1.525999999999999926e-02 -3.051999999999999852e-02 3.051999999999999852e-02 -5.519999999999999733e-04 2.759999999999999867e-04 -9.200000000000000007e-05
-1.525999999999999926e-02 0.000000000000000000e+00 3.051999999999999852e-02 6.440000000000000412e-04 -1.840000000000000001e-04 1.840000000000000001e-04
0.000000000000000000e+00 0.000000000000000000e+00 6.103999999999999704e-02 1.840000000000000001e-04 -9.200000000000000007e-05 0.000000000000000000e+00
0.000000000000000000e+00 0.000000000000000000e+00 4.578000000000000125e-02 6.440000000000000412e-04 8.279999999999999600e-04 0.000000000000000000e+00
-1.525999999999999926e-02 -1.525999999999999926e-02 7.630000000000000671e-02 -1.840000000000000001e-04 1.840000000000000001e-04 -9.200000000000000007e-05
0.000000000000000000e+00 0.000000000000000000e+00 1.068199999999999983e-01 9.200000000000000278e-04 7.360000000000000006e-04 0.000000000000000000e+00
0.000000000000000000e+00 -1.525999999999999926e-02 6.103999999999999704e-02 4.600000000000000139e-04 2.759999999999999867e-04 0.000000000000000000e+00
-3.051999999999999852e-02 0.000000000000000000e+00 9.156000000000000250e-02 9.200000000000000007e-05 5.519999999999999733e-04 -9.200000000000000007e-05
-1.525999999999999926e-02 0.000000000000000000e+00 3.051999999999999852e-02 -3.680000000000000003e-04 9.200000000000000007e-05 0.000000000000000000e+00
0.000000000000000000e+00 0.000000000000000000e+00 3.051999999999999852e-02 4.600000000000000139e-04 0.000000000000000000e+00 0.000000000000000000e+00
0.000000000000000000e+00 0.000000000000000000e+00 7.630000000000000671e-02 1.840000000000000001e-04 -9.200000000000000007e-05 -9.200000000000000007e-05
0.000000000000000000e+00 0.000000000000000000e+00 1.525999999999999926e-02 -3.680000000000000003e-04 1.840000000000000001e-04 1.840000000000000001e-04
-3.051999999999999852e-02 -1.525999999999999926e-02 4.578000000000000125e-02 -3.680000000000000003e-04 6.440000000000000412e-04 1.840000000000000001e-04
-1.525999999999999926e-02 0.000000000000000000e+00 4.578000000000000125e-02 3.680000000000000003e-04 2.759999999999999867e-04 -9.200000000000000007e-05
0.000000000000000000e+00 -3.051999999999999852e-02 1.525999999999999926e-02 -4.600000000000000139e-04 0.000000000000000000e+00 0.000000000000000000e+00
0.000000000000000000e+00 0.000000000000000000e+00 1.525999999999999926e-02 -1.840000000000000001e-04 0.000000000000000000e+00 0.000000000000000000e+00
-1.525999999999999926e-02 0.000000000000000000e+00 6.103999999999999704e-02 4.600000000000000139e-04 1.840000000000000001e-04 -1.840000000000000001e-04
0.000000000000000000e+00 0.000000000000000000e+00 6.103999999999999704e-02 3.680000000000000003e-04 -6.440000000000000412e-04 -9.200000000000000007e-05
-1.525999999999999926e-02 -1.525999999999999926e-02 4.578000000000000125e-02 -1.840000000000000001e-04 -1.840000000000000001e-04 0.000000000000000000e+00
-3.051999999999999852e-02 0.000000000000000000e+00 1.525999999999999926e-02 -1.840000000000000001e-04 6.440000000000000412e-04 0.000000000000000000e+00
