-1.068274579961580706e+00 -9.355072835864451930e-01 1.953476700025838753e+01 1.587654231668099669e+02 2.737134174941090681e+00 1.826327345833673803e+02
-1.067811974685023646e+00 -9.358331497967881107e-01 1.953496370551658856e+01 1.587713031482480517e+02 2.840767466558982157e+00 1.825763257317836121e+02
-1.067581023193928669e+00 -9.359807010529043181e-01 1.953053101576025696e+01 1.587767918241686687e+02 2.811339738725596948e+00 1.824993118471391824e+02
-1.067668004526605596e+00 -9.357014432528477643e-01 1.952885150789483504e+01 1.587685277107774198e+02 2.743954294377262570e+00 1.825362736845659981e+02
-1.067643212266412345e+00 -9.355070070919707659e-01 1.952988048166460899e+01 1.587666421284089608e+02 2.778460742841188491e+00 1.825679025924214045e+02
-1.067624886950558460e+00 -9.353230414703974649e-01 1.952906878606678376e+01 1.587684089399809011e+02 2.751545097176908872e+00 1.825920431241621600e+02
-1.067426263514969831e+00 -9.359782660953702704e-01 1.952987619479210935e+01 1.587640296125669011e+02 2.802820754347048471e+00 1.825213242107848828e+02
-1.067686722581564718e+00 -9.355120307663784551e-01 1.952895015035037929e+01 1.587665389465059889e+02 2.722863137406062783e+00 1.825902810836421963e+02
-1.067493443002413223e+00 -9.358961985097505876e-01 1.952989487610027908e+01 1.587672498970211734e+02 2.793722453928804139e+00 1.825494225686549328e+02
-1.067279263169501169e+00 -9.356199698684183330e-01 1.952873046393246881e+01 1.587678474945644780e+02 2.812238927389401510e+00 1.825439523772171810e+02
-1.067382392706543115e+00 -9.353359700979412272e-01 1.952797179728701948e+01 1.587636790635678778e+02 2.809836783490655687e+00 1.825996384889168667e+02
-1.067953853581384838e+00 -9.353078411704476292e-01 1.952939818801888450e+01 1.587659779590773326e+02 2.775548991117436692e+00 1.826159630019061808e+02
-1.067756669058916863e+00 -9.360189477830268556e-01 1.952892816825877276e+01 1.587758368489585905e+02 2.795583104674949304e+00 1.824894000750779810e+02
-1.067800029251997795e+00 -9.355916372284929228e-01 1.952688489118072113e+01 1.587652259885394415e+02 2.759206827610692692e+00 1.825670035438439243e+02
-1.067175707825428477e+00 -9.352000744374174834e-01 1.952775441866030093e+01 1.587646423341555533e+02 2.837903691245118765e+00 1.826019901630752713e+02
-1.067978193304854884e+00 -9.353992714773780026e-01 1.952684567279169769e+01 1.587639192439190197e+02 2.734716589999602654e+00 1.825785315953485508e+02
-1.067600805721870882e+00 -9.352750671365775981e-01 1.952771574720431147e+01 1.587638810410507801e+02 2.792885821579728312e+00 1.826314674817428454e+02
-1.067471080836702502e+00 -9.358493732708902391e-01 1.952707559053221686e+01 1.587690920618347832e+02 2.800841278624893960e+00 1.825031225421211047e+02
-1.067600992451791075e+00 -9.358364604679316745e-01 1.952791836414812465e+01 1.587670308317482863e+02 2.830627784980424444e+00 1.825420833198544983e+02
-1.067811732503669564e+00 -9.359322288181386451e-01 1.952689264169676520e+01 1.587671746862972100e+02 2.770144776658734376e+00 1.825350906513691314e+02
-1.067591808192085878e+00 -9.356547601579215945e-01 1.952684403230484378e+01 1.587634620616071572e+02 2.826458923282102909e+00 1.825771064205850109e+02
-1.067971197163517960e+00 -9.353788957344402188e-01 1.952722950504545807e+01 1.587617571244374233e+02 2.719265245512515250e+00 1.826381482239967795e+02
-1.067423027783783951e+00 -9.357697771759911909e-01 1.952718936011298112e+01 1.587663396537544713e+02 2.835901450154185710e+00 1.825678943498464264e+02
-1.067994820146996204e+00 -9.354420283259853308e-01 1.952706773779705429e+01 1.587673713480500908e+02 2.772831180676934348e+00 1.825746036652477642e+02
-1.067772391620015693e+00 -9.357607965707736009e-01 1.952759726414523200e+01 1.587665199609872104e+02 2.807315405016384879e+00 1.825383560865778350e+02
-1.067596300452612113e+00 -9.355558980408145153e-01 1.952725265915478303e+01 1.587675059506528896e+02 2.811305295736343801e+00 1.825689125995523057e+02
-1.067517979504645886e+00 -9.355281441628440220e-01 1.952779646750562748e+01 1.587697341805490510e+02 2.838709397725651673e+00 1.825490232059402160e+02
-1.067746944634671236e+00 -9.355829374542647958e-01 1.952665350734759997e+01 1.587647514206298638e+02 2.790225001017488715e+00 1.825549957656331799e+02
-1.067749130536245650e+00 -9.356033130485575944e-01 1.952670259674663811e+01 1.587733157063908322e+02 2.798180294546635860e+00 1.825692936057640736e+02
-1.067447058741955779e+00 -9.359302892474457014e-01 1.952687684234449605e+01 1.587738805331853200e+02 2.795434552760508673e+00 1.825055501585246418e+02
-1.067463261045348943e+00 -9.361006573860969349e-01 1.952656813177311435e+01 1.587735914885473676e+02 2.820979164569246134e+00 1.824982188719548901e+02
-1.067733419440141551e+00 -9.357124802276047815e-01 1.952703284385109228e+01 1.587685068415945864e+02 2.810662008909026177e+00 1.825429890834055584e+02
-1.067818657665239979e+00 -9.358595527723579943e-01 1.952535810315068332e+01 1.587687846003506422e+02 2.776778965279033784e+00 1.825414610646814424e+02
-1.067344275097434680e+00 -9.360909115211333287e-01 1.952678347574980933e+01 1.587669535981825106e+02 2.844201051479920750e+00 1.825084696681041976e+02
-1.067942380854896012e+00 -9.355331363122894039e-01 1.952658366250208744e+01 1.587630950527096161e+02 2.747842814029662240e+00 1.826280265915275720e+02
-1.068142394895637448e+00 -9.355965943638115956e-01 1.952634820210404598e+01 1.587689524357958533e+02 2.701264077756453386e+00 1.825578781463183304e+02
-1.067325376993817576e+00 -9.360970809729532993e-01 1.952729558845460289e+01 1.587693659703751337e+02 2.863339559929257039e+00 1.825104993593344602e+02
-1.067731176070233490e+00 -9.354303098826436402e-01 1.952711891013362333e+01 1.587669482201349354e+02 2.798594264156800460e+00 1.825874925271774885e+02
-1.068105646559183386e+00 -9.356264648779217818e-01 1.952691406793395856e+01 1.587634309400722827e+02 2.731675247570702680e+00 1.825572186253008908e+02
-1.067569136473435876e+00 -9.354682631943971316e-01 1.952767668752197139e+01 1.587674977691741844e+02 2.805551998239764533e+00 1.825710518069738555e+02
-1.067942398951320815e+00 -9.358441824096758177e-01 1.952701832258485837e+01 1.587658451540025908e+02 2.770101002363137610e+00 1.825275877874728678e+02
-1.067611117085210948e+00 -9.360841285774904597e-01 1.952740477841778244e+01 1.587701721866804974e+02 2.805546621203943491e+00 1.825009890877219902e+02
-1.067426378241103091e+00 -9.358071072620641750e-01 1.952770792100582753e+01 1.587639483287282758e+02 2.824030668947017375e+00 1.825334267960007821e+02
-1.067715043137913655e+00 -9.355184415920133612e-01 1.952623412875663078e+01 1.587704222764830888e+02 2.823221943274382362e+00 1.825628930056987258e+02
-1.067625348822690556e+00 -9.358404701580810281e-01 1.952693346892355208e+01 1.587660951820579385e+02 2.844944298047803244e+00 1.825521969778281175e+02
-1.067805131364662152e+00 -9.356785269612677425e-01 1.952559524533203827e+01 1.587700318299643243e+02 2.775839327260262834e+00 1.825862388993071761e+02
-1.068084913225447741e+00 -9.360112748479989531e-01 1.952662064131316200e+01 1.587672602238702098e+02 2.773815719652188871e+00 1.825116436099769430e+02
-1.068064358929232460e+00 -9.356281159889910937e-01 1.952716285894787873e+01 1.587662872309304305e+02 2.771086591515322883e+00 1.825899304022189824e+02
-1.067675340001310591e+00 -9.358760137520367728e-01 1.952655030436488559e+01 1.587655621929116307e+02 2.828925348511289961e+00 1.825361114450578839e+02
-1.068365991563318129e+00 -9.352890993172661149e-01 1.952575482638826188e+01 1.587622790908173158e+02 2.724740572859230880e+00 1.826246027747408789e+02
-1.067362410321196942e+00 -9.358609235337661536e-01 1.952600833372759581e+01 1.587682301343390066e+02 2.826973934201024274e+00 1.825382543084689928e+02
-1.068152219861130625e+00 -9.360120943258822823e-01 1.952692062521659722e+01 1.587746858075464047e+02 2.767502140244346265e+00 1.825034123466277265e+02
-1.067949246761971338e+00 -9.356225672899471935e-01 1.952532717944687590e+01 1.587647294779751519e+02 2.773518308060929360e+00 1.825433525860040049e+02
-1.068008899441335480e+00 -9.357680332402161794e-01 1.952617887570905353e+01 1.587675375044141504e+02 2.764586875471667593e+00 1.825608076322751856e+02
-1.067982284908150392e+00 -9.361319817153974654e-01 1.952701618600004352e+01 1.587714361889790950e+02 2.802164232243248954e+00 1.825138855433295646e+02
-1.068020660305416980e+00 -9.356332571823295918e-01 1.952663884884830381e+01 1.587638876591454107e+02 2.769444095710849929e+00 1.825673299465385071e+02
-1.067983176829960135e+00 -9.356477721168964257e-01 1.952637852183079659e+01 1.587649535507533756e+02 2.807541286254997548e+00 1.825951891213086924e+02
-1.068029721195068671e+00 -9.358025818330220069e-01 1.952565545261981939e+01 1.587681381457831833e+02 2.743637162566240573e+00 1.825353890912533927e+02
-1.067886146814548187e+00 -9.359448710281866868e-01 1.952590078272062968e+01 1.587678552741999169e+02 2.801170223296947537e+00 1.825360115445666906e+02
-1.068250209870289513e+00 -9.352531457803039405e-01 1.952488557406927683e+01 1.587550298772144970e+02 2.739739159729943196e+00 1.826240839095045203e+02
-1.067740100946109827e+00 -9.354487234167607745e-01 1.952579835739463121e+01 1.587608520483448160e+02 2.796207802886685467e+00 1.825919819683880405e+02
-1.068018361008010730e+00 -9.356515936719762561e-01 1.952727880075941869e+01 1.587632025986624171e+02 2.796307908600767167e+00 1.826071306239010710e+02
-1.068416166028165692e+00 -9.354593590211551790e-01 1.952667900170585824e+01 1.587671507124863695e+02 2.734303298168045071e+00 1.826106058226469600e+02
-1.068195142330730318e+00 -9.355853621269709652e-01 1.952578731424046410e+01 1.587648407616107136e+02 2.763761343893714528e+00 1.826238407144868745e+02
-1.067588904631889379e+00 -9.360926424158150239e-01 1.952672406970224728e+01 1.587757136845812624e+02 2.854493993903331805e+00 1.825163799507014630e+02
-1.067794075626550487e+00 -9.357258997274591206e-01 1.952603302458408052e+01 1.587690202346350645e+02 2.826466092911429584e+00 1.825822429302008914e+02
-1.067968113789039997e+00 -9.360058431500281051e-01 1.952537110282082367e+01 1.587719948460409967e+02 2.750840187809013848e+00 1.825299912671224831e+02
-1.067863247722888431e+00 -9.361757939636319303e-01 1.952530053329174109e+01 1.587721597287953728e+02 2.804676288525373984e+00 1.825081783636714476e+02
-1.067863378813825426e+00 -9.360790621827427271e-01 1.952679174245183091e+01 1.587656694226341472e+02 2.783522540396087486e+00 1.825323953798416028e+02
-1.068102009830547594e+00 -9.359362726358916307e-01 1.952655643529451623e+01 1.587710479113112569e+02 2.808342465983180603e+00 1.825332644003291591e+02
-1.067517349144340377e+00 -9.360994138451559365e-01 1.952639102778752545e+01 1.587710257833086587e+02 2.863291368831952788e+00 1.825196599392561438e+02
-1.067940409317863937e+00 -9.360139193597347695e-01 1.952627311762589812e+01 1.587664070877868312e+02 2.802939182065315116e+00 1.825575088033909310e+02
-1.068096328017891450e+00 -9.360054913885844652e-01 1.952618723262989064e+01 1.587639692407276186e+02 2.761600701335916952e+00 1.825611185642681562e+02
-1.067890446337571797e+00 -9.357399442442139170e-01 1.952668661538862338e+01 1.587636745756066432e+02 2.814366636980146108e+00 1.825947447961195849e+02
-1.068304189183447495e+00 -9.353933005663236377e-01 1.952513778208414053e+01 1.587555215354115319e+02 2.748379176853035233e+00 1.826618134872572909e+02
-1.068071984555457155e+00 -9.360064352346205707e-01 1.952627496173062482e+01 1.587624161388457367e+02 2.787199537662499615e+00 1.825498959561741117e+02
-1.067754647173062343e+00 -9.359254712718740876e-01 1.952644656230045328e+01 1.587643786252319558e+02 2.833343468663334530e+00 1.825755082943000787e+02
-1.067980816174610492e+00 -9.361143076911062622e-01 1.952559323617694886e+01 1.587630233379287290e+02 2.801969814645842494e+00 1.825497324403835933e+02
-1.068196582919271220e+00 -9.360919757639644123e-01 1.952632617782895252e+01 1.587694245249250287e+02 2.795264009494724089e+00 1.825294098966087972e+02
-1.068004642329742238e+00 -9.362565859152326420e-01 1.952518693652576331e+01 1.587738542221862303e+02 2.811305198894254787e+00 1.825037927999146348e+02
-1.068230776895408907e+00 -9.363523172359010660e-01 1.952550516925932556e+01 1.587690577204528211e+02 2.815871304534776964e+00 1.825292249595496514e+02
-1.068371308409372888e+00 -9.358500058372657415e-01 1.952508454039713826e+01 1.587681090216564996e+02 2.735254452586488139e+00 1.826014816411186814e+02
-1.067886303061204911e+00 -9.362458364703404312e-01 1.952617287654953415e+01 1.587731493007023857e+02 2.817731596993116483e+00 1.825018171727107301e+02
-1.068335261704713268e+00 -9.357680173134440560e-01 1.952642956762736404e+01 1.587656876779012691e+02 2.752190807951168328e+00 1.826098047098973609e+02
-1.067657833582956517e+00 -9.359918669469330377e-01 1.952484172693822018e+01 1.587720801758389371e+02 2.817712164695967303e+00 1.825140488992852568e+02
-1.067985236288790052e+00 -9.358741651452423538e-01 1.952577667984695609e+01 1.587654703110106595e+02 2.802161894461959957e+00 1.825607308842818668e+02
-1.067901312392829816e+00 -9.361526631710890278e-01 1.952519914023558556e+01 1.587680085269874724e+02 2.823320967275531945e+00 1.825144067650675197e+02
-1.068214483646080293e+00 -9.365396651579656062e-01 1.952699233935391021e+01 1.587704321790959341e+02 2.776384660565325291e+00 1.825179135376511113e+02
-1.067781694769043943e+00 -9.357974627475882379e-01 1.952510310749554634e+01 1.587697409900760874e+02 2.845656673651531854e+00 1.825767947968104465e+02
-1.068278566024197573e+00 -9.355636691492615897e-01 1.952461527412477693e+01 1.587651049966891605e+02 2.771823678297826721e+00 1.825779016028865556e+02
-1.068073803870696281e+00 -9.363805456491002266e-01 1.952489269111915604e+01 1.587676515266886668e+02 2.780832092246517728e+00 1.824859193288713470e+02
-1.067814633301739091e+00 -9.362814986314135224e-01 1.952518573249854583e+01 1.587744883306254735e+02 2.820332773692245887e+00 1.825193647912665540e+02
-1.068418703841142126e+00 -9.354065561342659318e-01 1.952507241837948015e+01 1.587579697550733329e+02 2.753270899559713492e+00 1.826602058357129863e+02
-1.068185975926403852e+00 -9.360461868185784295e-01 1.952553131709210987e+01 1.587726274850840866e+02 2.795224332857590976e+00 1.825370779549511155e+02
-1.068024792768723197e+00 -9.365703845438099195e-01 1.952566345245883284e+01 1.587705979645627110e+02 2.804622059347888552e+00 1.824527969710835293e+02
-1.068300382365886314e+00 -9.362995896824043429e-01 1.952583983622552921e+01 1.587686875850785100e+02 2.770706409563383321e+00 1.825044240246391212e+02
-1.068356907911974352e+00 -9.361222170143794763e-01 1.952589120038941317e+01 1.587713204860528720e+02 2.800932551508652057e+00 1.825330365326382491e+02
-1.068267760967562374e+00 -9.360981344290887352e-01 1.952482507098870457e+01 1.587685465233013815e+02 2.765385181153238836e+00 1.825414005970748406e+02
-1.068345381986140374e+00 -9.362430613884656916e-01 1.952573440071684630e+01 1.587721194321824782e+02 2.763117669462566539e+00 1.824969086670785430e+02
-1.068637157135420956e+00 -9.361532103711123209e-01 1.952512153789332672e+01 1.587669828135485943e+02 2.701376377131592843e+00 1.825532576447029669e+02
